350.000000
280.000000
1.000000
0.000000
0.000000
1.000000
0.224194
0.830303
0.400000
0.600000
0.600000
0.400000
0.852419
1.000000
1.000000
0.000000
0.000000
1.000000
0.200000
0.800000
0.400000
0.600000
0.600000
0.824242
0.800000
0.200000
1.000000
0.000000
0.000000
1.000000
0.200000
0.800000
0.420161
0.751515
0.600000
0.400000
0.800000
0.200000
1.000000
0.000000
0.000000
1.000000
0.200000
1.000000
0.391935
0.515152
0.600000
1.000000
0.795968
0.636364
1.000000
0.333333
1.999000
1.147059
1.000000
1.823530
